3  90  2284.000000  3834.678700  
3  90  2885.000000  3850.581300  
4  89  1949.517997  3868.528400  
4  89  2814.081979  3891.979200  
4  89  2916.390126  3894.660000  
5  88  2427.000000  3925.718800  
5  88  2534.000000  3928.623300  
5  88  3120.000000  3944.253400  
5  88  3191.000000  3946.145500  
5  88  3244.000000  3947.504600  
5  88  3302.000000  3948.978900  
6  87  1493.000000  3944.253400  
6  87  1555.000000  3946.145500  
6  87  1604.000000  3947.504600  
6  87  1654.000000  3948.978900  
6  87  1784.000000  3952.760800  
6  87  2560.000000  3974.476600  
6  87  2739.000000  3979.355900  
6  87  3319.000000  3994.791800  
7  86  1134.402326  3979.355900  
7  86  1649.798527  3994.791800  
7  86  2314.360903  4013.856600  
7  86  3102.726175  4035.460000  
7  86  3382.424854  4042.893700  
7  86  3440.497436  4044.417900  
7  86  3766.672165  4052.920800  
8  85  1686.667029  4042.893700  
8  85  1738.237664  4044.417900  
8  85  2029.614856  4052.920800  
8  85  2704.530084  4071.996700  
8  85  2718.245864  4072.384900  
8  85  3019.900947  4080.705800  
9  84  1064.916421  4071.996700  
9  84  1343.868493  4080.705800  
9  84  2123.029967  4103.912100  
9  84  3111.653298  4131.723500  
10  83  1404.574439  4131.723500  
10  83  2303.096483  4158.590500  
10  83  2496.948941  4164.179500  
11  82  1682.283843  4190.712900  
11  82  1933.122615  4198.317000  
11  82  2011.789468  4200.674500  
11  82  2959.163086  4228.158000  
12  81  1514.000000  4237.219800  
12  81  2239.000000  4259.361900  
12  81  2474.000000  4266.286400  
12  81  2675.000000  4272.168900  
12  81  2861.000000  4277.528200  
13  80  956.031211  4272.168900  
13  80  1119.290719  4277.528200  
13  80  1829.865590  4300.100800  
13  80  1847.555099  4300.649500  
13  80  2127.334683  4309.239200  
13  80  2868.757504  4331.199500  
13  80  2897.435659  4332.029700  
13  80  2950.369669  4333.561200  
13  80  3012.046347  4335.337900  
13  80  3357.012528  4345.168000  
13  80  3460.015650  4348.064000  
14  79  1175.590608  4333.561200  
14  79  1533.664906  4345.168000  
14  79  1624.547077  4348.064000  
14  79  2260.424419  4367.831600  
14  79  2356.712520  4370.753200  
14  79  2375.754960  4371.329000  
14  79  2529.568081  4375.954200  
14  79  2654.115266  4379.666800  
14  79  2836.502020  4385.056600  
14  79  3386.931690  4400.986300  
15  78  1536.590783  4400.986300  
15  78  2331.235222  4426.001100  
15  78  2468.398441  4430.189000  
15  78  2494.991155  4430.996300  
15  78  2588.894539  4433.838000  
16  77  2052.824882  4474.759400  
16  77  2277.671515  4481.810700  
16  77  3233.544486  4510.733200  
17  76  1353.585943  4510.733200  
17  76  2413.868034  4545.051900  
17  76  3548.010224  4579.349500  
18  75  1604.419324  4579.349500  
18  75  1923.898460  4589.897800  
18  75  2197.835829  4598.762700  
18  75  2538.333770  4609.567300  
19  74  2105.598777  4657.901200  
20  73  2262.308780  4726.868300  
20  73  2421.330619  4732.053200  
20  73  2540.562481  4735.905800  
20  73  3463.855714  4764.864600  
21  72  1451.412015  4764.864600  
21  72  2674.420599  4806.020500  
22  71  1903.680578  4847.809500  
22  71  2863.497583  4879.863500  
22  71  3148.730961  4889.042200  
23  70  875.932722  4879.863500  
23  70  1122.229167  4889.042200  
23  70  1554.806467  4904.751600  
23  70  2373.339761  4933.209100  
23  70  3341.907465  4965.079500  
24  69  1260.678912  4965.079500  
24  69  2508.997461  5009.334400  
24  69  2740.682794  5017.162800  
25  68  714.064934  5017.162800  
25  68  1913.005370  5062.037100  
25  68  2727.944025  5090.545500  
26  67  2028.657733  5141.782700  
26  67  2126.696604  5145.308300  
26  67  2607.539490  5162.284600  
26  67  2707.792952  5165.772800  
26  67  3355.027091  5187.746200  
27  66  541.209496  5162.284600  
27  66  1180.841128  5187.746200  
27  66  3007.701373  5254.464800  
28  65  1542.000000  5281.628500  
28  65  2288.000000  5309.609300  
29  64  1783.000000  5373.494300  
29  64  3085.000000  5421.351700  
29  64  3619.000000  5439.989100  
29  64  3961.000000  5451.652000  
30  63  1600.800670  5451.652000  
30  63  2767.409209  5495.873800  
30  63  3049.665125  5506.112800  
31  62  2086.551835  5558.702000  
31  62  2448.065287  5572.464900  
31  62  2584.731069  5577.684500  
31  62  3376.338171  5606.733000  
32  61  1029.533895  5606.733000  
32  61  2058.511745  5648.686300  
32  61  2108.818921  5650.704300  
32  61  2923.500735  5681.900100  
33  60  1974.924641  5739.519600  
34  59  1149.634919  5802.079800  
34  59  1912.942496  5834.263300  
34  59  2560.531400  5860.310300  
34  59  3135.982788  5882.624200  
34  59  3292.851154  5888.584100  
34  59  3924.205706  5912.085300  
35  58  845.450422  5888.584100  
35  58  1377.248018  5912.085300  
35  58  1768.768236  5928.813000  
36  57  1752.236891  6032.127400  
36  57  2013.108911  6043.223300  
36  57  2239.971718  6052.722900  
36  57  2400.754398  6059.372500  
36  57  3805.056349  6114.923400  
37  56  842.032281  6098.803100  
37  56  989.332545  6105.635100  
37  56  1192.260187  6114.923400  
37  56  1880.812112  6145.441100  
37  56  2462.085651  6170.174000  
37  56  2513.620669  6172.277800  
37  56  2533.312391  6173.096400  
38  55  77.624661  6172.277800  
38  55  973.565571  6215.938300  
38  55  1682.608866  6248.405500  
38  55  2808.735968  6296.872200  
38  55  3069.920972  6307.657000  
38  55  3106.540360  6309.160000  
39  54  1803.196694  6369.574800  
39  54  2142.995361  6384.716900  
40  53  289.342314  6416.307100  
40  53  1658.318453  6483.082500  
40  53  1894.884274  6493.969400  
40  53  2008.311714  6499.106100  
40  53  2336.836305  6513.846200  
40  53  2893.323869  6538.112000  
41  52  1596.688152  6604.853400  
41  52  2317.568421  6638.220700  
41  52  2351.209402  6639.740300  
41  52  2439.124567  6643.697600  
41  52  2951.605462  6666.358800  
41  52  3203.986003  6677.281700  
42  51  463.672797  6677.281700  
42  51  1983.818067  6752.833500  
42  51  2279.274296  6766.611700  
43  50  1642.450411  6871.289100  
43  50  1811.588935  6879.582400  
43  50  1989.651543  6888.174200  
43  50  3055.407778  6937.664200  
44  49  241.998426  6937.664200  
44  49  2020.312504  7030.251400  
44  49  2828.285428  7068.735800  
44  49  3681.426585  7107.477800  
45  48  694.000000  7107.477800  
45  48  1033.000000  7125.820000  
45  48  1436.000000  7147.041600  
45  48  1666.000000  7158.838700  
45  48  1739.000000  7162.556900  
45  48  2639.000000  7206.980400  
46  47  809.165938  7265.172400  
46  47  908.584097  7270.663600  
46  47  1676.177005  7311.715900  
46  47  1758.829108  7316.005000  
46  47  2496.679945  7353.293000  
46  47  2882.383331  7372.118400  
46  47  3319.605665  7392.980100  
46  47  3734.574244  7412.336800  
46  47  4017.352600  7425.294200  
47  46  847.000000  7425.294200  
47  46  1027.000000  7435.368300  
47  46  1043.000000  7436.297000  
47  46  1685.000000  7471.164100  
47  46  1935.000000  7484.326700  
47  46  2251.000000  7500.655600  
47  46  2443.000000  7510.408200  
48  45  1341.875233  7618.344300  
48  45  1532.818385  7628.881800  
48  45  2983.497200  7704.816900  
49  44  3202.826402  7891.075000   
50  43  2496.000000  8037.218300  
50  43  2662.000000  8046.116900  
50  43  2797.000000  8053.308500  
52  41  1725.428948  8384.724000  
53  40  1914.663801  8605.776200  
53  40  2161.378990  8620.460200  
53  40  2985.605241  8667.944200  
54  39  898.149214  8761.686200   
56  37  326.050912  9194.638500  
56  37  743.112743  9224.499200  
56  37  1729.999260  9291.531300  
56  37  2716.552593  9354.219800  
