3  90  2883.882342  3850.581300  
4  89  1948.857460  3868.528400  
4  89  2814.404966  3891.979200  
5  88  2426.000000  3925.718800  
5  88  2533.000000  3928.623300  
5  88  3120.000000  3944.253400  
5  88  3190.000000  3946.145500  
5  88  3301.000000  3948.978900  
6  87  1555.000000  3946.145500  
6  87  1604.000000  3947.504600  
6  87  1654.000000  3948.978900  
6  87  1784.000000  3952.760800  
6  87  2559.000000  3974.476600  
6  87  2738.000000  3979.355900  
6  87  3318.000000  3994.791800  
7  86  1133.752262  3979.355900  
7  86  1649.602604  3994.791800  
7  86  2314.014732  4013.856600  
7  86  3102.537889  4035.460000  
7  86  3382.211725  4042.893700  
7  86  3440.040901  4044.417900  
7  86  3766.457705  4052.920800  
8  85  1686.392707  4042.893700  
8  85  1737.975671  4044.417900  
8  85  2029.304933  4052.920800  
8  85  2704.182689  4071.996700  
8  85  2717.911542  4072.384900  
8  85  3019.605977  4080.705800  
9  84  1064.710185  4071.996700  
9  84  1343.700669  4080.705800  
9  84  2122.781600  4103.912100  
9  84  3111.291503  4131.723500  
10  83  1404.311482  4131.723500  
10  83  2302.779195  4158.590500  
10  83  2496.647649  4164.179500  
11  82  1682.008333  4190.712900  
11  82  1683.988665  4190.712900  
11  82  1932.837096  4198.317000  
11  82  2011.491550  4200.674500  
11  82  2958.822200  4228.158000  
12  81  1513.472308  4237.219800  
12  81  2238.903759  4259.361900  
12  81  2473.161258  4266.286400  
12  81  2674.827764  4272.168900  
12  81  2860.698493  4277.528200  
13  80  955.824924  4272.168900  
13  80  1119.026300  4277.528200  
13  80  1829.576922  4300.100800  
13  80  1847.310859  4300.649500  
13  80  2127.084377  4309.239200  
13  80  2868.421827  4331.199500  
13  80  2897.077958  4332.029700  
13  80  2950.028733  4333.561200  
13  80  3011.706368  4335.337900  
13  80  3356.760155  4345.168000  
13  80  3459.669022  4348.064000  
14  79  1175.335549  4333.561200  
14  79  1533.411351  4345.168000  
14  79  1624.269505  4348.064000  
14  79  1755.193735  4352.204900  
14  79  2260.106620  4367.831600  
14  79  2356.387911  4370.753200  
14  79  2375.432082  4371.329000  
14  79  2529.239260  4375.954200  
14  79  2653.787687  4379.666800  
14  79  2836.166943  4385.056600  
14  79  3386.570989  4400.986300  
15  78  1536.305252  4400.986300  
15  78  2330.910404  4426.001100  
15  78  2468.087458  4430.189000  
15  78  2494.664330  4430.996300  
15  78  2588.584549  4433.838000  
16  77  2052.531331  4474.759400  
16  77  2277.357796  4481.810700  
16  77  3233.217299  4510.733200  
17  76  1353.321319  4510.733200  
17  76  2413.550230  4545.051900  
17  76  3547.675277  4579.349500  
18  75  1604.143914  4579.349500  
18  75  1923.599776  4589.897800  
18  75  2197.524769  4598.762700  
18  75  2538.012524  4609.567300  
19  74  2105.295453  4657.901200  
20  73  2261.998071  4726.868300  
20  73  2421.016880  4732.053200  
20  73  2540.245227  4735.905800  
20  73  3463.526059  4764.864600  
21  72  1451.125482  4764.864600  
21  72  2674.101422  4806.020500  
22  71  1903.382906  4847.809500  
22  71  2863.181352  4879.863500  
22  71  3148.408598  4889.042200  
23  70  875.649055  4879.863500  
23  70  1121.948304  4889.042200  
23  70  1554.509289  4904.751600  
23  70  2373.038378  4933.209100  
23  70  3341.597767  4965.079500  
24  69  1260.401099  4965.079500  
24  69  2508.688731  5009.334400  
24  69  2740.368670  5017.162800  
25  68  713.771380  5017.162800  
25  68  1912.703519  5062.037100  
25  68  2727.637915  5090.545500  
26  67  2028.350684  5141.782700  
26  67  2126.398067  5145.308300  
26  67  2607.244899  5162.284600  
26  67  2707.594326  5165.772800  
26  67  3354.751278  5187.746200  
27  66  541.039838  5162.284600  
27  66  1180.560455  5187.746200  
28  65  1542.000000  5281.628500  
28  65  2288.000000  5309.609300  
29  64  1784.000000  5373.494300  
29  64  3085.000000  5421.351700  
29  64  3619.000000  5439.989100  
29  64  3961.000000  5451.652000  
30  63  1600.522262  5451.652000  
30  63  2767.117887  5495.873800  
30  63  3049.380742  5506.112800  
31  62  549.297712  5495.873800  
31  62  2086.263738  5558.702000  
31  62  2447.785607  5572.464900  
31  62  2584.434807  5577.684500  
31  62  3376.073334  5606.733000  
32  61  1029.229355  5606.733000  
32  61  2058.273185  5648.686300  
32  61  2108.535135  5650.704300  
32  61  2923.062492  5681.900100  
33  60  1974.633192  5739.519600  
34  59  1149.164739  5802.079800  
34  59  1912.671746  5834.263300  
34  59  2560.240122  5860.310300  
34  59  3135.726377  5882.624200  
34  59  3292.587511  5888.584100  
34  59  3923.977224  5912.085300  
35  58  845.141156  5888.584100  
35  58  1376.940324  5912.085300  
35  58  1768.469725  5928.813000  
36  57  1751.946646  6032.127400  
36  57  2012.819441  6043.223300  
36  57  2239.681736  6052.722900  
36  57  2400.474272  6059.372500  
36  57  3804.831480  6114.923400  
37  56  841.780711  6098.803100  
37  56  989.027726  6105.635100  
37  56  1191.954388  6114.923400  
37  56  1880.519660  6145.441100  
37  56  2464.717093  6170.174000  
37  56  2513.350576  6172.277800  
37  56  2533.040077  6173.096400  
38  55  77.042846  6172.277800  
38  55  973.300350  6215.938300  
38  55  1682.395336  6248.405500  
38  55  2808.497641  6296.872200  
38  55  3069.658662  6307.657000  
38  55  3106.435902  6309.160000  
39  54  1802.914773  6369.574800  
39  54  2142.713503  6384.716900  
40  53  288.995004  6416.307100  
40  53  1658.001272  6483.082500  
40  53  1894.734592  6493.969400  
40  53  2007.722087  6499.106100  
40  53  2336.667157  6513.846200  
40  53  2893.069812  6538.112000  
41  52  1596.393823  6604.853400  
41  52  2317.288663  6638.220700  
41  52  2350.935444  6639.740300  
41  52  2438.864746  6643.697600  
41  52  2951.344564  6666.358800  
41  52  3203.739025  6677.281700  
42  51  463.324466  6677.281700  
42  51  1983.535213  6752.833500  
42  51  2278.995639  6766.611700  
43  50  1641.414321  6871.289100  
43  50  1989.369636  6888.174200  
43  50  3055.164158  6937.664200  
44  49  241.615423  6937.664200  
44  49  491.877062  6951.477600  
44  49  653.587799  6960.250000  
44  49  2020.025211  7030.251400  
44  49  2828.040299  7068.735800  
44  49  3681.820038  7107.477800  
45  48  693.000000  7107.477800  
45  48  1032.000000  7125.820000  
45  48  1436.000000  7147.041600  
45  48  1665.000000  7158.838700  
45  48  1738.000000  7162.556900  
45  48  2639.000000  7206.980400  
46  47  808.832380  7265.172400  
46  47  908.242200  7270.663600  
46  47  1675.878696  7311.715900  
46  47  1758.537676  7316.005000  
46  47  2496.423379  7353.293000  
46  47  2882.130621  7372.118400  
46  47  3319.402392  7392.980100  
46  47  3734.378671  7412.336800  
46  47  4017.189356  7425.294200  
47  46  847.000000  7425.294200  
47  46  1026.000000  7435.368300  
47  46  1043.000000  7436.297000  
47  46  1685.000000  7471.164100  
47  46  1935.000000  7484.326700  
47  46  2251.000000  7500.655600  
47  46  2442.000000  7510.408200  
48  45  829.000000  7589.315100  
48  45  1342.000000  7618.344300  
48  45  1533.000000  7628.881800  
48  45  2983.000000  7704.816900  
49  44  3203.000000  7891.075000    
50  43  2495.000000  8037.218300  
50  43  2661.000000  8046.116900  
50  43  2796.000000  8053.308500    
54  39  897.816450  8761.686200  
54  39  1476.003169  8799.087500    
55  38  2084.826606  9069.581700  
55  38  2126.559604  9072.278500 
