0  96  1597.670000  3576.615600  
0  96  1785.460000  3581.608400  
0  96  1813.730000  3582.354600  
0  96  2046.600000  3588.440700  
0  96  3000.810000  3612.427500  
0  96  3111.960000  3615.132700  
6  90  1397.140000  3809.456100  
6  90  1797.480000  3820.792600  
6  90  2014.680000  3826.807200  
6  90  2159.720000  3830.773600  
6  90  2303.880000  3834.678700  
6  90  2422.900000  3837.875200  
6  90  2491.110000  3839.695300  
6  90  2559.650000  3841.518700  
6  90  2706.860000  3845.405500  
6  90  2904.880000  3850.581300  
6  90  3056.740000  3854.510800  
6  90  3609.090000  3868.528400  
6  90  3821.820000  3873.822400  
7  89  1338.530000  3850.581300  
7  89  1968.640000  3868.528400  
7  89  2160.030000  3873.822400  
7  89  2813.000000  3891.401700  
7  89  2834.890000  3891.979200  
7  89  2965.920000  3895.419200  
8  88  1588.650000  3901.662100  
8  88  1672.670000  3904.082800  
8  88  1948.050000  3911.909100  
8  88  2108.780000  3916.417600  
8  88  2202.610000  3919.023400  
8  88  2446.350000  3925.718800  
8  88  2553.250000  3928.623300  
8  88  2712.380000  3932.911300  
9  87  894.560000  3925.718800  
9  87  989.240000  3928.623300  
9  87  1130.280000  3932.911300  
9  87  1672.870000  3948.978900  
9  87  1721.780000  3950.395100  
9  87  2758.760000  3979.355900  
9  87  3339.610000  3994.791800  
9  87  3580.720000  4001.058100  
9  87  3613.120000  4001.893500  
10  86  1668.790000  3994.791800  
10  86  1884.170000  4001.058100  
10  86  2285.560000  4012.495200  
10  86  2334.050000  4013.856600  
10  86  2523.290000  4019.128900  
10  86  3145.530000  4036.047900  
10  86  3403.620000  4042.893700  
10  86  3461.570000  4044.417900  
10  86  3788.120000  4052.920800  
11  85  1475.910000  4036.047900  
11  85  1705.600000  4042.893700  
11  85  1757.290000  4044.417900  
11  85  2048.970000  4052.920800  
11  85  2270.000000  4059.252900  
11  85  2724.670000  4071.996700  
11  85  2738.490000  4072.384900  
11  85  2892.740000  4076.628400  
11  85  3000.650000  4079.573800  
12  84  1083.090000  4071.996700  
12  84  1095.240000  4072.384900  
12  84  2557.390000  4115.758900  
12  84  2591.240000  4116.713700  
12  84  3132.460000  4131.723500  
12  84  3218.640000  4134.068100  
13  83  277.810000  4094.747000  
13  83  822.140000  4112.754500  
13  83  1284.050000  4127.412000  
13  83  1323.530000  4128.640000  
13  83  1423.220000  4131.723500  
13  83  1499.560000  4134.068100  
13  83  2517.010000  4164.179500  
13  83  2572.560000  4165.766100  
13  83  2740.540000  4170.533300  
13  83  3147.320000  4181.883600  
13  83  3470.130000  4190.712900  
13  83  3481.780000  4191.029400  
13  83  3752.640000  4198.317000  
13  83  3841.000000  4200.674500  
14  82  1415.210000  4181.883600  
14  82  1701.310000  4190.712900  
14  82  1711.630000  4191.029400  
14  82  1952.450000  4198.317000  
14  82  2378.500000  4210.923200  
14  82  2979.830000  4228.158000  
14  82  3241.210000  4235.463600  
14  82  3304.560000  4237.219800  
15  81  1245.770000  4228.158000  
15  81  1476.470000  4235.463600  
15  81  1532.530000  4237.219800  
15  81  1957.830000  4250.314600  
15  81  2259.030000  4259.361900  
15  81  2493.550000  4266.286400  
15  81  2501.740000  4266.527100  
15  81  2695.520000  4272.168900  
15  81  2882.060000  4277.528200  
15  81  3070.160000  4282.897600  
15  81  3687.360000  4300.100800  
16  80  974.140000  4272.168900  
16  80  1137.530000  4277.528200  
16  80  1849.120000  4300.100800  
16  80  2272.100000  4312.997500  
16  80  2889.390000  4331.199500  
16  80  2971.140000  4333.561200  
16  80  3032.870000  4335.337900  
16  80  3481.360000  4348.064000  
16  80  3629.590000  4352.204900  
17  79  1122.210000  4331.199500  
17  79  1147.380000  4332.029700  
17  79  1193.970000  4333.561200  
17  79  1248.240000  4335.337900  
17  79  1552.540000  4345.168000  
17  79  1774.590000  4352.204900  
17  79  2091.680000  4362.066200  
17  79  2280.240000  4367.831600  
17  79  2395.670000  4371.329000  
17  79  2674.420000  4379.666800  
17  79  2674.420000  4379.666800  
17  79  2857.060000  4385.056600  
17  79  3408.170000  4400.986300  
18  78  15.490000  4348.064000  
18  78  911.430000  4379.666800  
18  78  1071.270000  4385.056600  
18  78  1527.930000  4400.096800  
18  78  1555.440000  4400.986300  
18  78  1801.980000  4408.882800  
18  78  2488.430000  4430.189000  
18  78  2515.050000  4430.996300  
18  78  2609.100000  4433.838000  
19  77  1274.530000  4448.879200  
19  77  2072.380000  4474.759400  
19  77  2297.410000  4481.810700  
19  77  2672.400000  4493.333700  
19  77  3254.600000  4510.733200  
19  77  3652.920000  4522.323000  
20  76  1372.260000  4510.733200  
20  76  1722.220000  4522.323000  
20  76  1976.020000  4530.552300  
20  76  2433.910000  4545.051900  
20  76  2520.820000  4547.758900  
20  76  3065.770000  4564.405400  
20  76  3569.470000  4579.349500  
20  76  3933.040000  4589.897800  
21  75  1623.350000  4579.349500  
21  75  1942.920000  4589.897800  
21  75  2113.590000  4595.420600  
21  75  2134.570000  4596.096700  
21  75  2217.580000  4598.762700  
21  75  3171.240000  4628.440900  
21  75  3463.890000  4637.232800  
25  71  757.750000  4806.020500  
25  71  1721.820000  4840.849200  
25  71  1923.170000  4847.809500  
25  71  2445.800000  4865.477500  
25  71  2458.870000  4865.910000  
25  71  2884.070000  4879.863500  
25  71  3169.870000  4889.042200  
25  71  3356.230000  4894.955100  
25  71  3669.040000  4904.751600  
26  70  893.890000  4879.863500  
26  70  1140.570000  4889.042200  
26  70  1302.010000  4894.955100  
26  70  1573.760000  4904.751600  
26  70  1726.040000  4910.157600  
26  70  2002.120000  4919.815700  
26  70  2393.410000  4933.209100  
26  70  2584.800000  4939.642200  
26  70  2759.770000  4945.458700  
26  70  3363.240000  4965.079500  
26  70  3585.910000  4972.159700  
27  69  1758.430000  4982.487500  
27  69  1839.410000  4985.372500  
27  69  1950.630000  4989.308600  
27  69  2317.740000  5002.097200  
27  69  2529.380000  5009.334400  
27  69  2761.340000  5017.162800  
27  69  3107.380000  5028.655600  
27  69  3431.980000  5039.230300  
27  69  3602.620000  5044.719500  
28  68  533.220000  5009.334400  
28  68  731.770000  5017.162800  
28  68  1028.980000  5028.655600  
28  68  1308.910000  5039.230300  
28  68  1456.510000  5044.719500  
28  68  1519.450000  5047.043400  
28  68  1594.450000  5049.796000  
28  68  1621.390000  5050.784200  
28  68  1932.490000  5062.037100  
28  68  2013.940000  5064.945400  
28  68  2099.300000  5067.973700  
28  68  2971.760000  5098.043200  
28  68  3048.620000  5100.621100  
28  68  3485.090000  5115.044800  
29  67  1324.190000  5115.044800  
29  67  1683.720000  5128.489700  
29  67  2048.350000  5141.782700  
29  67  2107.630000  5143.916500  
29  67  2398.120000  5154.243000  
29  67  2522.400000  5158.604100  
29  67  2627.980000  5162.284600  
29  67  3055.660000  5176.961000  
29  67  3376.480000  5187.746200  
29  67  3620.100000  5195.813600  
29  67  3722.160000  5199.163700  
30  66  67.180000  5141.782700  
30  66  150.130000  5145.308300  
30  66  469.160000  5158.604100  
30  66  924.190000  5176.961000  
30  66  1199.300000  5187.746200  
30  66  1408.920000  5195.813600  
30  66  1496.940000  5199.163700  
30  66  2365.360000  5231.159700  
30  66  2832.470000  5247.654700  
30  66  3142.520000  5258.360200  
30  66  3193.540000  5260.104100  
30  66  3388.030000  5266.710300  
30  66  3608.560000  5274.118800  
31  65  702.510000  5247.654700  
31  65  967.010000  5258.360200  
31  65  1177.150000  5266.710300  
31  65  1829.350000  5291.816300  
31  65  2375.560000  5312.001800  
31  65  2618.740000  5320.769900  
31  65  2793.130000  5326.975600  
31  65  3268.130000  5343.581200  
31  65  3754.310000  5360.150100  
32  64  489.370000  5320.769900  
32  64  637.250000  5326.975600  
32  64  1041.610000  5343.581200  
32  64  1458.040000  5360.150100  
32  64  1950.340000  5379.110500  
32  64  2149.590000  5386.610700  
32  64  2997.020000  5417.485800  
32  64  3384.480000  5431.112000  
32  64  4000.480000  5452.218700  
33  63  777.580000  5417.485800  
33  63  1107.170000  5431.112000  
33  63  1181.800000  5434.151400  
33  63  1326.440000  5439.989100  
33  63  1942.660000  5464.205500  
33  63  2114.000000  5470.759100  
33  63  2699.800000  5492.643500  
33  63  2788.150000  5495.873800  
33  63  2880.930000  5499.255400  
33  63  3070.860000  5506.112800  
33  63  3179.110000  5509.993800  
33  63  3316.180000  5514.873100  
33  63  3602.670000  5524.957000  
33  63  4016.290000  5539.261800  
34  62  567.110000  5495.873800  
34  62  1611.560000  5539.261800  
34  62  1836.430000  5548.175800  
34  62  2649.960000  5579.358300  
34  62  2856.390000  5587.026300  
34  62  3075.330000  5595.063500  
34  62  3255.420000  5601.603200  
34  62  3397.940000  5606.733000  
34  62  3638.840000  5615.319500  
35  61  282.340000  5573.353500  
35  61  416.480000  5579.358300  
35  61  590.100000  5587.026300  
35  61  927.070000  5601.603200  
35  61  1047.800000  5606.733000  
35  61  1252.400000  5615.319500  
35  61  1851.650000  5639.746100  
35  61  2128.680000  5650.704300  
35  61  3207.920000  5691.661200  
35  61  3632.260000  5707.103300  
35  61  3983.090000  5719.622700  
36  60  257.910000  5665.179900  
36  60  519.910000  5677.052900  
36  60  628.690000  5681.900100  
36  60  850.400000  5691.661200  
36  60  1064.270000  5700.917600  
36  60  1209.270000  5707.103300  
36  60  1507.460000  5719.622700  
36  60  1520.950000  5720.182800  
36  60  1646.960000  5725.388500  
36  60  1994.600000  5739.519600  
36  60  2225.780000  5748.741200  
36  60  2603.740000  5763.529000  
36  60  2724.470000  5768.181200  
36  60  2875.360000  5773.946300  
36  60  3367.240000  5792.430400  
36  60  3465.620000  5796.068300  
36  60  3595.160000  5800.829700  
36  60  3685.730000  5804.141200  
37  59  242.890000  5760.550800  
37  59  946.990000  5792.430400  
37  59  1139.270000  5800.829700  
37  59  1215.840000  5804.141200  
37  59  1932.560000  5834.263300  
37  59  2388.460000  5852.680600  
37  59  2424.610000  5854.120700  
37  59  2581.150000  5860.310300  
37  59  3157.330000  5882.624200  
37  59  3238.250000  5885.701600  
37  59  3390.350000  5891.451000  
37  59  3946.340000  5912.085300  
38  58  250.910000  5860.310300  
38  58  731.720000  5882.624200  
38  58  799.550000  5885.701600  
38  58  863.450000  5888.584100  
38  58  927.280000  5891.451000  
38  58  1396.110000  5912.085300  
38  58  1456.160000  5914.670900  
38  58  2027.960000  5938.825200  
38  58  2169.190000  5944.647200  
38  58  2891.740000  5973.664900  
38  58  3287.300000  5989.044700  
38  58  3338.380000  5991.007100  
38  58  3419.920000  5994.128700  
38  58  3761.690000  6007.072200  
38  58  3844.160000  6010.160600  
38  58  3938.440000  6013.677700  
39  57  470.710000  5973.664900  
39  57  500.400000  5975.064800  
39  57  762.780000  5987.301600  
39  57  843.340000  5991.007100  
39  57  911.590000  5994.128700  
39  57  1155.860000  6005.165000  
39  57  1198.510000  6007.072200  
39  57  1267.900000  6010.160600  
39  57  1515.060000  6021.035700  
39  57  1609.720000  6025.150000  
39  57  1732.420000  6030.445000  
39  57  2032.860000  6043.223300  
39  57  2061.830000  6044.432700  
39  57  2171.830000  6049.051000  
39  57  2260.080000  6052.722900  
39  57  2421.090000  6059.372500  
39  57  2858.220000  6077.105700  
39  57  2911.140000  6079.222700  
39  57  3065.820000  6085.374800  
39  57  3408.190000  6098.803100  
39  57  3584.720000  6105.635100  
39  57  3827.290000  6114.923400  
40  56  630.860000  6088.030500  
40  56  860.090000  6098.803100  
40  56  1007.570000  6105.635100  
40  56  1164.880000  6112.837500  
40  56  1210.800000  6114.923400  
40  56  1744.170000  6138.646500  
40  56  1900.440000  6145.441100  
40  56  2052.740000  6151.992900  
40  56  2347.380000  6164.479600  
40  56  2475.060000  6169.822100  
40  56  3302.490000  6203.492500  
40  56  3396.450000  6207.220100  
40  56  3618.040000  6215.938300  
40  56  3838.770000  6224.527200  
40  56  3886.460000  6226.369700  
41  55  94.410000  6172.277800  
41  55  110.650000  6173.096400  
41  55  301.020000  6182.621700  
41  55  489.590000  6191.905300  
41  55  619.650000  6198.222700  
41  55  729.230000  6203.492500  
41  55  807.320000  6207.220100  
41  55  991.800000  6215.938300  
41  55  1176.180000  6224.527200  
41  55  1216.060000  6226.369700  
41  55  1401.260000  6234.855400  
41  55  1584.020000  6243.120100  
41  55  1997.030000  6261.418100  
41  55  2290.380000  6274.116600  
41  55  3091.220000  6307.657000  
41  55  3576.750000  6327.277800  
41  55  3837.720000  6337.620100  
42  54  510.570000  6307.657000  
42  54  675.280000  6315.775000  
42  54  893.530000  6326.366900  
42  54  912.460000  6327.277800  
42  54  1240.830000  6342.859500  
42  54  1366.790000  6348.737500  
42  54  1522.190000  6355.910800  
42  54  1822.680000  6369.574800  
42  54  1987.090000  6376.930500  
42  54  2162.990000  6384.716900  
42  54  2223.960000  6387.395700  
42  54  2792.600000  6411.899100  
42  54  2833.180000  6413.614500  
42  54  2946.010000  6418.370300  
42  54  3054.110000  6422.896900  
42  54  3262.630000  6431.555000  
42  54  3514.850000  6441.899400  
42  54  3563.000000  6443.859800  
42  54  3634.730000  6446.771200  
42  54  3714.790000  6450.006000  
42  54  3896.010000  6457.282400  
43  53  220.900000  6411.899100  
43  53  254.090000  6413.614500  
43  53  306.360000  6416.307100  
43  53  606.740000  6431.555000  
43  53  1130.710000  6457.282400  
43  53  1677.580000  6483.082500  
43  53  1843.950000  6490.737200  
43  53  2323.990000  6512.363900  
43  53  3293.080000  6554.160300  
44  52  1043.830000  6577.214600  
44  52  1180.170000  6583.906000  
44  52  1275.380000  6588.539600  
44  52  1336.250000  6591.484500  
44  52  1387.190000  6593.939100  
44  52  1938.260000  6619.945800  
44  52  2371.510000  6639.740300  
44  52  2459.540000  6643.697600  
44  52  2481.090000  6644.663500  
44  52  2842.610000  6660.676100  
44  52  2878.980000  6662.268600  
44  52  2972.730000  6666.358800  
44  52  3165.390000  6674.696900  
44  52  3225.490000  6677.281700  
44  52  3389.570000  6684.292900  
45  51  132.290000  6658.677400  
45  51  198.820000  6662.268600  
45  51  231.980000  6664.051000  
45  51  275.050000  6666.358800  
45  51  431.900000  6674.696900  
45  51  615.120000  6684.292900  
45  51  1199.140000  6713.970000  
45  51  1473.230000  6727.458300  
45  51  1602.950000  6733.748800  
45  51  2299.510000  6766.611700  
45  51  2842.010000  6791.235100  
45  51  3233.420000  6808.531100  
45  51  3579.050000  6823.508400  
45  51  3606.340000  6824.677400  
46  50  938.200000  6834.924600  
46  50  1458.090000  6861.268800  
46  50  1731.820000  6874.753000  
46  50  1831.210000  6879.582400  
46  50  2009.500000  6888.174200  
46  50  2033.080000  6889.303200  
46  50  2498.210000  6911.226400  
46  50  3076.740000  6937.664200  
46  50  3209.490000  6943.610500  
46  50  3585.970000  6960.250000  
47  49  366.500000  6943.610500  
47  49  509.890000  6951.477600  
47  49  671.860000  6960.250000  
47  49  1230.290000  6989.655300  
47  49  1448.250000  7000.803600  
47  49  1802.540000  7018.567500  
47  49  2040.280000  7030.251400  
47  49  2849.340000  7068.735800  
47  49  2992.000000  7075.333600  
47  49  3240.480000  7086.704400  
48  48  711.670000  7107.477800  
48  48  1027.680000  7124.560700  
48  48  1051.320000  7125.820000  
48  48  1518.200000  7150.284400  
48  48  1685.170000  7158.838700  
48  48  1883.820000  7168.895200  
48  48  2681.750000  7208.006300  
48  48  2779.930000  7212.689600  
48  48  2916.310000  7219.151500  
49  47  206.390000  7229.938600  
49  47  268.280000  7233.536500  
49  47  1695.560000  7311.715900  
49  47  2017.920000  7328.285000  
49  47  2272.940000  7341.151500  
49  47  2358.090000  7345.399600  
49  47  2467.250000  7350.814000  
49  47  2517.400000  7353.293000  
49  47  3076.580000  7380.426300  
49  47  3341.350000  7392.980100  
50  46  304.530000  7392.980100  
50  46  1704.700000  7471.164100  
50  46  1955.060000  7484.326700  
50  46  2463.280000  7510.408200  
50  46  3250.990000  7549.313800  
51  45  172.450000  7549.313800  
51  45  1520.850000  7627.174900  
51  45  1552.030000  7628.881800  
51  45  1893.780000  7647.379400  
51  45  2323.560000  7670.057500  
51  45  2479.330000  7678.126700  
51  45  3004.810000  7704.816900  
51  45  3114.150000  7710.269200  
52  44  1831.410000  7817.766900  
52  44  2383.170000  7847.539400  
52  44  2777.370000  7868.194600  
53  43  424.310000  7916.442000  
53  43  836.660000  7941.725900  
53  43  1051.670000  7954.592300  
53  43  1091.890000  7956.974000  
53  43  1358.520000  7972.596000  
53  43  1468.860000  7978.973100  
53  43  2427.420000  8032.431300  
53  43  2516.170000  8037.218300  
53  43  2682.350000  8046.116900  
53  43  2995.060000  8062.630400  
54  42  1313.140000  8159.727700  
54  42  1370.230000  8163.121000  
55  41  705.290000  8320.855400  
55  41  856.430000  8330.449400  
55  41  1652.330000  8379.226100  
55  41  2295.320000  8416.726900  
55  41  2317.540000  8417.998200  
55  41  2374.230000  8421.225400  
55  41  2806.400000  8445.487000  
55  41  2824.830000  8446.511600  
56  40  429.040000  8510.624000  
56  40  517.940000  8516.554200  
56  40  1109.480000  8554.944000  
56  40  1399.150000  8573.120500  
56  40  1466.260000  8577.276800  
56  40  1905.340000  8604.016300  
56  40  1934.600000  8605.776200  
56  40  2181.660000  8620.460200  
56  40  2506.830000  8639.441600  
56  40  2608.650000  8645.308700  
57  39  710.990000  8748.030900  
57  39  728.020000  8749.169700  
57  39  864.250000  8758.243400  
57  39  897.610000  8760.449600  
57  39  916.340000  8761.686200  
57  39  1085.930000  8772.805200  
57  39  1128.490000  8775.573300  
57  39  1495.480000  8799.087500  
58  38  478.670000  8962.146800  
58  38  557.330000  8967.640300  
58  38  1157.470000  9008.463600  
58  38  1295.590000  9017.591200  
58  38  1769.270000  9048.250100  
58  38  1851.610000  9053.485800  
58  38  2201.490000  9075.394500  
